0,5.0,0.5
STOP
0,5.0,1.0
1,6.05,0.5
STOP
0,5.0,1.5
1,6.1,1.0
2,3.95,0.5
STOP
0,5.0,2.0
1,6.1499999999999995,1.5
2,3.9000000000000004,1.0
3,4.9,0.5
STOP
0,5.0,2.5
1,6.199999999999999,2.0
2,3.8500000000000005,1.5
3,4.800000000000001,1.0
4,5.95,0.5
STOP
0,5.0,3.0
1,6.249999999999999,2.5
2,3.8000000000000007,2.0
3,4.700000000000001,1.5
4,5.9,1.0
5,4.95,0.5
STOP
0,5.0,3.5
1,6.299999999999999,3.0
2,3.750000000000001,2.5
3,4.600000000000001,2.0
4,5.8500000000000005,1.5
5,4.9,1.0
6,5.9,0.5
STOP
0,5.0,4.0
1,6.349999999999999,3.5
2,3.700000000000001,3.0
3,4.500000000000002,2.5
4,5.800000000000001,2.0
5,4.8500000000000005,1.5
6,5.800000000000001,1.0
7,4.15,0.5
STOP
0,5.0,4.5
1,6.399999999999999,4.0
2,3.6500000000000012,3.5
3,4.400000000000002,3.0
4,5.750000000000001,2.5
5,4.800000000000001,2.0
6,5.700000000000001,1.5
7,4.300000000000001,1.0
8,3.95,0.5
STOP
0,5.0,5.0
1,6.449999999999998,4.5
2,3.6000000000000014,4.0
3,4.3000000000000025,3.5
4,5.700000000000001,3.0
5,4.750000000000001,2.5
6,5.600000000000001,2.0
7,4.450000000000001,1.5
8,3.9000000000000004,1.0
9,6.05,0.5
STOP
0,5.0,5.5
1,6.499999999999998,5.0
2,3.5500000000000016,4.5
3,4.200000000000003,4.0
4,5.650000000000001,3.5
5,4.700000000000001,3.0
6,5.500000000000002,2.5
7,4.600000000000001,2.0
8,3.8500000000000005,1.5
9,6.1,1.0
10,5.1,0.5
STOP
0,5.0,6.0
1,6.549999999999998,5.5
2,3.5000000000000018,5.0
3,4.100000000000003,4.5
4,5.600000000000001,4.0
5,4.650000000000001,3.5
6,5.400000000000002,3.0
7,4.750000000000002,2.5
8,3.8000000000000007,2.0
9,6.1499999999999995,1.5
10,5.199999999999999,1.0
11,5.9,0.5
STOP
0,5.0,6.5
1,6.599999999999998,6.0
2,3.450000000000002,5.5
3,4.0000000000000036,5.0
4,5.550000000000002,4.5
5,4.600000000000001,4.0
6,5.3000000000000025,3.5
7,4.900000000000002,3.0
8,3.750000000000001,2.5
9,6.199999999999999,2.0
10,5.299999999999999,1.5
11,5.800000000000001,1.0
12,4.15,0.5
STOP
0,5.0,7.0
1,6.649999999999998,6.5
2,3.400000000000002,6.0
3,3.9000000000000035,5.5
4,5.500000000000002,5.0
5,4.550000000000002,4.5
6,5.200000000000003,4.0
7,5.0500000000000025,3.5
8,3.700000000000001,3.0
9,6.249999999999999,2.5
10,5.399999999999999,2.0
11,5.700000000000001,1.5
12,4.300000000000001,1.0
13,4.15,0.5
STOP
0,5.0,7.5
1,6.6999999999999975,7.0
2,3.3500000000000023,6.5
3,3.8000000000000034,6.0
4,5.450000000000002,5.5
5,4.500000000000002,5.0
6,5.100000000000003,4.5
7,5.200000000000003,4.0
8,3.6500000000000012,3.5
9,6.299999999999999,3.0
10,5.499999999999998,2.5
11,5.600000000000001,2.0
12,4.450000000000001,1.5
13,4.300000000000001,1.0
14,4.9,0.5
STOP
0,5.0,8.0
1,6.749999999999997,7.5
2,3.3000000000000025,7.0
3,3.7000000000000033,6.5
4,5.400000000000002,6.0
5,4.450000000000002,5.5
6,5.0000000000000036,5.0
7,5.350000000000003,4.5
8,3.6000000000000014,4.0
9,6.349999999999999,3.5
10,5.599999999999998,3.0
11,5.500000000000002,2.5
12,4.600000000000001,2.0
13,4.450000000000001,1.5
14,4.800000000000001,1.0
15,4.0,0.5
STOP
0,5.0,8.5
1,6.799999999999997,8.0
2,3.2500000000000027,7.5
3,3.600000000000003,7.0
4,5.350000000000002,6.5
5,4.400000000000002,6.0
6,4.900000000000004,5.5
7,5.5000000000000036,5.0
8,3.5500000000000016,4.5
9,6.399999999999999,4.0
10,5.6999999999999975,3.5
11,5.400000000000002,3.0
12,4.750000000000002,2.5
13,4.600000000000001,2.0
14,4.700000000000001,1.5
15,4.0,1.0
16,6.05,0.5
STOP
0,5.0,9.0
1,6.849999999999997,8.5
2,3.200000000000003,8.0
3,3.500000000000003,7.5
4,5.3000000000000025,7.0
5,4.350000000000002,6.5
6,4.800000000000004,6.0
7,5.650000000000004,5.5
8,3.5000000000000018,5.0
9,6.449999999999998,4.5
10,5.799999999999997,4.0
11,5.3000000000000025,3.5
12,4.900000000000002,3.0
13,4.750000000000002,2.5
14,4.600000000000001,2.0
15,4.0,1.5
16,6.1,1.0
17,4.9,0.5
STOP
0,5.0,9.5
1,6.899999999999997,9.0
2,3.150000000000003,8.5
3,3.400000000000003,8.0
4,5.250000000000003,7.5
5,4.3000000000000025,7.0
6,4.700000000000005,6.5
7,5.800000000000004,6.0
8,3.450000000000002,5.5
9,6.499999999999998,5.0
10,5.899999999999997,4.5
11,5.200000000000003,4.0
12,5.0500000000000025,3.5
13,4.900000000000002,3.0
14,4.500000000000002,2.5
15,4.0,2.0
16,6.1499999999999995,1.5
17,4.800000000000001,1.0
18,5.0,0.5
STOP
0,5.0,9.5
1,6.949999999999997,9.5
2,3.100000000000003,9.0
3,3.300000000000003,8.5
4,5.200000000000003,8.0
5,4.250000000000003,7.5
6,4.600000000000005,7.0
7,5.950000000000005,6.5
8,3.400000000000002,6.0
9,6.549999999999998,5.5
10,5.9999999999999964,5.0
11,5.100000000000003,4.5
12,5.200000000000003,4.0
13,5.0500000000000025,3.5
14,4.400000000000002,3.0
15,4.0,2.5
16,6.199999999999999,2.0
17,4.700000000000001,1.5
18,5.0,1.0
19,4.9,0.5
STOP
0,5.0,9.0
1,7.049999999999996,9.5
2,3.0500000000000034,9.5
3,3.200000000000003,9.0
4,5.150000000000003,8.5
5,4.200000000000003,8.0
6,4.500000000000005,7.5
7,6.100000000000005,7.0
8,3.3500000000000023,6.5
9,6.599999999999998,6.0
10,6.099999999999996,5.5
11,5.0000000000000036,5.0
12,5.350000000000003,4.5
13,5.200000000000003,4.0
14,4.3000000000000025,3.5
15,4.0,3.0
16,6.249999999999999,2.5
17,4.600000000000001,2.0
18,5.0,1.5
19,4.800000000000001,1.0
20,6.0,0.5
STOP
0,5.0,8.5
1,7.099999999999996,9.0
2,2.9500000000000037,9.5
3,3.1000000000000028,9.5
4,5.100000000000003,9.0
5,4.150000000000003,8.5
6,4.400000000000006,8.0
7,6.250000000000005,7.5
8,3.3000000000000025,7.0
9,6.649999999999998,6.5
10,6.199999999999996,6.0
11,4.900000000000004,5.5
12,5.5000000000000036,5.0
13,5.350000000000003,4.5
14,4.200000000000003,4.0
15,4.0,3.5
16,6.299999999999999,3.0
17,4.500000000000002,2.5
18,5.0,2.0
19,4.700000000000001,1.5
20,6.0,1.0
21,3.95,0.5
STOP
0,5.0,8.0
1,7.149999999999996,8.5
2,2.7490990990991024,8.5
3,2.9486486486486516,10.0
4,5.050000000000003,9.5
5,4.100000000000003,9.0
6,4.300000000000006,8.5
7,6.400000000000006,8.0
8,3.2500000000000027,7.5
9,6.6999999999999975,7.0
10,6.299999999999995,6.5
11,4.800000000000004,6.0
12,5.650000000000004,5.5
13,5.5000000000000036,5.0
14,4.100000000000003,4.5
15,4.0,4.0
16,6.349999999999999,3.5
17,4.400000000000002,3.0
18,5.0,2.5
19,4.600000000000001,2.0
20,6.0,1.5
21,3.9000000000000004,1.0
22,5.0,0.5
STOP
0,5.0,7.5
1,7.199999999999996,8.0
2,2.648648648648652,8.0
3,2.8981981981982012,9.5
4,4.950000000000004,9.5
5,4.050000000000003,9.5
6,4.200000000000006,9.0
7,6.550000000000006,8.5
8,3.200000000000003,8.0
9,6.749999999999997,7.5
10,6.399999999999995,7.0
11,4.700000000000005,6.5
12,5.800000000000004,6.0
13,5.650000000000004,5.5
14,4.0000000000000036,5.0
15,4.0,4.5
16,6.399999999999999,4.0
17,4.3000000000000025,3.5
18,5.0,3.0
19,4.500000000000002,2.5
20,6.0,2.0
21,3.8500000000000005,1.5
22,5.0,1.0
23,3.95,0.5
STOP
0,5.0,7.0
1,7.249999999999996,7.5
2,2.548198198198201,7.5
3,2.847747747747751,9.0
4,4.900000000000004,9.0
5,3.9500000000000037,9.5
6,4.100000000000007,9.5
7,6.700000000000006,9.0
8,3.150000000000003,8.5
9,6.799999999999997,8.0
10,6.499999999999995,7.5
11,4.600000000000005,7.0
12,5.950000000000005,6.5
13,5.800000000000004,6.0
14,3.8000000000000034,6.000000000000002
15,4.0,5.499999999999998
16,6.449999999999998,4.5
17,4.200000000000003,4.0
18,5.0,3.5
19,4.400000000000002,3.0
20,6.0,2.5
21,3.8000000000000007,2.0
22,5.0,1.5
23,3.9000000000000004,1.0
24,5.0,0.5
STOP
0,4.807492795389049,6.0
1,7.299999999999995,7.0
2,2.4477477477477505,7.0
3,2.7972972972973005,8.5
4,4.850000000000004,8.5
5,3.7491596638655498,8.5
6,3.9487394957983266,10.0
7,6.850000000000007,9.5
8,3.100000000000003,9.0
9,6.849999999999997,8.5
10,6.599999999999994,8.0
11,4.607492795389055,8.0
12,6.100000000000005,7.0
13,5.950000000000005,6.5
14,3.7000000000000033,6.500000000000003
15,4.0,5.999999999999997
16,6.499999999999998,5.0
17,4.100000000000003,4.5
18,5.0,4.0
19,4.3000000000000025,3.5
20,6.0,3.0
21,3.750000000000001,2.5
22,5.0,2.0
23,3.8500000000000005,1.5
24,5.0,1.0
25,5.95,0.5
STOP
0,4.711239193083573,5.5
1,7.349999999999995,6.5
2,2.3472972972973,6.5
3,2.74684684684685,8.0
4,4.800000000000004,8.0
5,3.648739495798323,8.0
6,3.8983193277311,9.5
7,7.1500000000000075,9.5
8,3.0500000000000034,9.5
9,6.899999999999997,9.0
10,6.699999999999994,8.5
11,4.61123919308358,8.5
12,6.250000000000005,7.5
13,6.100000000000005,7.0
14,3.600000000000003,7.0000000000000036
15,4.0,6.4999999999999964
16,6.549999999999998,5.5
17,4.0000000000000036,5.0
18,5.0,4.5
19,4.200000000000003,4.0
20,6.0,3.5
21,3.700000000000001,3.0
22,5.0,2.5
23,3.8000000000000007,2.0
24,5.0,1.5
25,5.9,1.0
26,5.0,0.5
STOP
0,4.6149855907780974,5.0
1,7.399999999999995,6.0
2,2.246846846846849,6.0
3,2.6963963963963997,7.5
4,4.750000000000004,7.5
5,3.548319327731096,7.5
6,3.847899159663873,9.0
7,7.300000000000008,9.0
8,2.9500000000000037,9.5
9,6.949999999999997,9.5
10,6.799999999999994,9.0
11,4.6149855907781046,9.0
12,6.400000000000006,8.0
13,6.250000000000005,7.5
14,3.500000000000003,7.500000000000004
15,4.0,6.999999999999996
16,6.599999999999998,6.0
17,3.9000000000000035,5.5
18,5.0,5.0
19,4.100000000000003,4.5
20,6.0,4.0
21,3.6500000000000012,3.5
22,5.0,3.0
23,3.750000000000001,2.5
24,5.0,2.0
25,5.8500000000000005,1.5
26,5.0,1.0
27,6.0,0.5
STOP
0,4.61061042703694,4.0
1,7.449999999999995,5.5
2,2.1463963963963986,5.5
3,2.6459459459459493,7.0
4,4.700000000000005,7.0
5,3.34832404872043,6.5
6,3.7974789915966465,8.5
7,7.450000000000008,8.5
8,2.900000000000004,9.0
9,7.049999999999996,9.5
10,6.899999999999993,9.5
11,4.6187319884726294,9.5
12,6.550000000000006,8.5
13,6.400000000000006,8.0
14,3.2991643848552514,8.500000000000005
15,4.0,7.499999999999995
16,6.649999999999998,6.5
17,3.8000000000000034,6.0
18,4.803117631647892,6.0
19,4.0000000000000036,5.0
20,6.0,4.5
21,3.6000000000000014,4.0
22,5.0,3.5
23,3.700000000000001,3.0
24,5.0,2.5
25,5.800000000000001,2.0
26,5.0,1.5
27,6.0,1.0
28,6.05,0.5
STOP
0,4.608422845166362,3.5
1,7.499999999999995,5.0
2,2.045945945945948,5.0
3,2.595495495495499,6.5
4,4.650000000000005,6.5
5,3.2483264092150974,6.0
6,3.5969219148335174,7.500000000000001
7,7.6000000000000085,8.0
8,2.799408460013277,8.0
9,7.2512121212121174,8.5
10,7.0518181818181755,10.0
11,4.626224783861679,9.5
12,6.700000000000006,9.0
13,6.550000000000006,8.5
14,3.0988388726278577,9.500000000000005
15,4.0,7.999999999999994
16,6.6999999999999975,7.0
17,3.7000000000000033,6.5
18,4.704676447471837,6.5
19,3.9000000000000035,5.5
20,6.0,5.0
21,3.5500000000000016,4.5
22,5.0,4.0
23,3.6500000000000012,3.5
24,5.0,3.0
25,5.750000000000001,2.5
26,5.0,2.0
27,6.0,1.5
28,6.1,1.0
29,5.95,0.5
STOP
0,4.606235263295783,3.0
1,7.5499999999999945,4.5
2,1.9454954954954975,4.5
3,2.5450450450450486,6.0
4,4.455319503655898,5.5
5,3.1483287697097646,5.5
6,3.496643376451953,7.000000000000002
7,7.750000000000009,7.5
8,2.7491126900199134,7.5
9,7.351818181818178,8.0
10,7.102424242424236,9.5
11,4.629971181556204,9.0
12,6.850000000000007,9.5
13,6.700000000000006,9.0
14,3.048824001510858,9.000000000000005
15,4.0,8.499999999999993
16,6.749999999999997,7.5
17,3.600000000000003,7.0
18,4.606878319479839,7.5
19,3.8000000000000034,6.0
20,6.0,5.5
21,3.5000000000000018,5.0
22,5.0,4.5
23,3.6000000000000014,4.0
24,5.0,3.5
25,5.700000000000001,3.0
26,5.0,2.5
27,6.0,2.0
28,6.1499999999999995,1.5
29,5.9,1.0
30,4.9,0.5
STOP
0,4.604047681425205,2.5
1,7.599999999999994,4.0
2,1.845045045045047,4.0
3,2.494594594594598,5.5
4,4.357979255483844,5.0
5,3.048331130204432,5.0
6,3.2966123369841798,6.0000000000000036
7,7.900000000000009,7.0
8,2.69881692002655,7.0
9,7.452424242424239,7.5
10,7.401226725082141,8.5
11,4.633717579250729,8.5
12,7.0000219058050455,10.0
13,6.850000000000007,9.5
14,2.998809130393858,8.500000000000005
15,4.0,8.999999999999993
16,6.799999999999997,8.0
17,3.3994118837691705,8.0
18,4.55797925548384,8.0
19,3.7000000000000033,6.5
20,6.0,6.0
21,3.450000000000002,5.5
22,5.0,5.0
23,3.5500000000000016,4.5
24,5.0,4.0
25,5.650000000000001,3.5
26,5.0,3.0
27,6.0,2.5
28,6.199999999999999,2.0
29,5.8500000000000005,1.5
30,4.800000000000001,1.0
31,6.05,0.5
STOP
0,4.601860099554626,2.0
1,7.649999999999994,3.5
2,1.7445945945945966,3.5
3,2.444144144144148,5.0
4,4.260639007311791,4.5
5,2.948333490699099,4.5
6,3.196596817250293,5.500000000000004
7,8.05000000000001,6.5
8,2.6485211500331864,6.5
9,7.553030303030299,7.0
10,7.550627966411094,8.0
11,4.637463976945254,8.0
12,7.050029207740058,9.5
13,7.1500000000000075,9.5
14,2.948794259276858,8.000000000000005
15,4.0,9.499999999999993
16,6.849999999999997,8.5
17,3.299117825653754,8.5
18,4.509080191487841,8.5
19,3.600000000000003,7.0
20,6.0,6.5
21,3.400000000000002,6.0
22,5.0,5.5
23,3.5000000000000018,5.0
24,5.0,4.5
25,5.600000000000001,4.0
26,5.0,3.5
27,6.0,3.0
28,6.249999999999999,2.5
29,5.800000000000001,2.0
30,4.700000000000001,1.5
31,6.1,1.0
32,6.05,0.5
STOP
0,4.599672517684048,1.5
1,7.699999999999994,3.0
2,1.6441441441441462,3.0
3,2.3936936936936974,4.5
4,4.163298759139737,4.0
5,2.848335851193766,4.0
6,3.0965812975164067,5.000000000000005
7,8.20000000000001,6.0
8,2.598225380039823,6.0
9,7.65363636363636,6.5
10,7.700029207740046,7.5
11,4.641210374639779,7.5
12,7.352977471382864,7.5
13,7.502948263642815,8.0
14,2.8987793881598583,7.500000000000005
15,4.0,9.999999999999993
16,6.950014603870023,9.5
17,3.1988237675383377,9.0
18,4.4601811274918415,9.0
19,3.500000000000003,7.5
20,6.0,7.0
21,3.3500000000000023,6.5
22,5.0,6.0
23,3.450000000000002,5.5
24,5.0,5.0
25,5.550000000000002,4.5
26,5.0,4.0
27,6.0,3.5
28,6.299999999999999,3.0
29,5.750000000000001,2.5
30,4.600000000000001,2.0
31,6.1499999999999995,1.5
32,6.1,1.0
33,5.85,0.5
STOP
0,4.597484935813469,1.0
1,7.749999999999994,2.5
2,1.5436936936936958,2.5
3,2.343243243243247,4.0
4,4.0659585109676835,3.5
5,2.7483382116884334,3.5
6,2.99656577778252,4.500000000000006
7,8.35000000000001,5.5
8,2.5479296100464595,5.5
9,7.75424242424242,6.0
10,8.049430493056558,6.0
11,4.644956772334304,7.0
12,7.602977515370425,6.0
13,7.652948263642815,7.5
14,2.8487645170428584,7.000000000000005
15,4.0,9.999999999999993
16,7.050029207740049,9.5
17,3.0985297094229214,9.5
18,4.411282063495842,9.5
19,3.400000000000003,8.0
20,6.0,7.5
21,3.3000000000000025,7.0
22,5.0,6.5
23,3.400000000000002,6.0
24,5.0,5.5
25,5.500000000000002,5.0
26,5.0,4.5
27,6.0,4.0
28,6.349999999999999,3.5
29,5.700000000000001,3.0
30,4.500000000000002,2.5
31,6.199999999999999,2.0
32,6.1499999999999995,1.5
33,5.699999999999999,1.0
34,4.95,0.5
STOP
0,4.5952973539428905,0.5
1,7.799999999999994,2.0
2,1.4432432432432454,2.0
3,2.2927927927927967,3.5
4,3.9686182627956303,3.0
5,2.6483405721831006,3.0
6,2.8965502580486335,4.000000000000007
7,8.554678191767612,4.5
8,2.497633840053096,5.0
9,8.054227820372395,5.0
10,8.452911167482066,4.5
11,4.648703170028829,6.5
12,7.6529775153704245,5.5
13,7.802948263642816,7.0
14,2.748763574205446,6.000000000000005
15,4.0,9.499999999999993
16,7.1000365096750615,9.0
17,2.8979415931920887,9.5
18,4.313483935503844,9.5
19,3.300000000000003,8.5
20,6.0,8.0
21,3.199969314928638,8.0
22,5.0,7.0
23,3.3500000000000023,6.5
24,5.0,6.0
25,5.450000000000002,5.5
26,5.0,5.0
27,6.0,4.5
28,6.399999999999999,4.0
29,5.650000000000001,3.5
30,4.400000000000002,3.0
31,6.249999999999999,2.5
32,6.199999999999999,2.0
33,5.549999999999999,1.5
34,4.9,1.0
35,6.05,0.5
STOP
0,4.590922190201733,0.5
1,7.849999999999993,1.5
2,1.342792792792795,1.5
3,2.2423423423423463,3.0
4,3.768817552557955,2.0
5,2.548342932677768,2.5
6,2.796534738314747,3.5000000000000075
7,8.909356383535215,3.0
8,2.4473380700597325,4.5
9,8.204220518437381,4.5
10,8.856391841907573,3.0
11,4.6524495677233535,6.0
12,7.702977515370424,5.0
13,7.952948263642816,6.5
14,2.69876310278674,5.500000000000005
15,3.9500852284432533,7.999999999999994
16,7.150043811610074,8.5
17,2.7976475350766723,9.0
18,4.214670099951098,8.000000000000002
19,3.200000000000003,9.0
20,6.0,8.5
21,3.149953972392956,8.5
22,5.0,7.5
23,3.3000000000000025,7.0
24,5.0,6.5
25,5.400000000000002,6.0
26,5.0,5.5
27,6.0,5.0
28,6.449999999999998,4.5
29,5.600000000000001,4.0
30,4.20551879341822,4.0
31,6.299999999999999,3.0
32,6.249999999999999,2.5
33,5.399999999999999,2.0
34,4.8500000000000005,1.5
35,6.1,1.0
36,3.95,0.5
STOP
0,4.588734608331155,1.0
1,7.899999999999993,1.0
2,1.2423423423423445,1.0
3,2.191891891891896,2.5
4,3.668917197439117,1.5
5,2.448345293172435,2.0
6,2.6965192185808604,3.000000000000008
7,9.264034575302817,1.5
8,2.397042300066369,4.0
9,8.354213216502368,4.0
10,9.25987251633308,1.5
11,4.656195965417878,5.5
12,7.752977515370424,4.5
13,8.102948263642816,6.0
14,2.648762631368034,5.000000000000005
15,3.900170456886507,6.499999999999995
16,7.200051113545087,8.0
17,2.599755587747755,7.5
18,4.115856264398353,6.5000000000000036
19,2.8991545829181806,9.5
20,6.0,9.0
21,2.9521049625568794,9.5
22,5.0,8.0
23,3.2500000000000027,7.5
24,5.0,7.0
25,5.350000000000002,6.5
26,5.0,6.0
27,6.0,5.5
28,6.499999999999998,5.0
29,5.550000000000002,4.5
30,4.108278190127328,4.5
31,6.349999999999999,3.5
32,6.299999999999999,3.0
33,5.249999999999998,2.5
34,4.800000000000001,2.0
35,6.1499999999999995,1.5
36,3.9000000000000004,1.0
37,4.15,0.5
STOP
0,4.586547026460576,1.5
1,7.949999999999993,0.5
2,1.141891891891894,0.5
3,2.1414414414414455,2.0
4,3.5690168423202793,1.0
5,2.348347653667102,1.5
6,2.596503698846974,2.5000000000000084
7,9.721051862954221,0.5
8,2.3467465300730055,3.5
9,8.504205914567354,3.5
10,9.814494769300294,0.5
11,4.659942363112403,5.0
12,7.802977515370424,4.0
13,8.252948263642816,5.5
14,2.598762159949328,4.500000000000005
15,3.8502556853297607,4.999999999999996
16,7.2500584154801,7.5
17,2.5508034878725585,7.0
18,4.017042428845609,5.000000000000005
19,2.7012501730504344,8.5
20,6.0,9.5
21,2.6511764454275526,10.0
22,5.0,8.5
23,3.200000000000003,8.0
24,5.0,7.5
25,5.3000000000000025,7.0
26,5.0,6.5
27,6.0,6.0
28,6.549999999999998,5.5
29,5.500000000000002,5.0
30,4.011037586836437,5.0
31,6.399999999999999,4.0
32,6.349999999999999,3.5
33,5.099999999999998,3.0
34,4.750000000000001,2.5
35,6.199999999999999,2.0
36,3.8500000000000005,1.5
37,4.300000000000001,1.0
38,5.05,0.5
STOP
0,4.584359444589998,2.0
1,8.049999999999994,0.5
2,0.9409909909909933,0.5
3,2.090990990990995,1.5
4,3.4691164872014415,0.5
5,2.2483500141617694,1.0
6,2.4964881791130873,2.000000000000009
7,9.973390958838023,2.5
8,2.296450760079642,3.0
9,8.65419861263234,3.0
10,10.066833865184096,2.5
11,4.663688760806928,4.5
12,7.852977515370424,3.5
13,8.402948263642816,5.0
14,2.5487616885306217,4.000000000000005
15,3.8003409137730144,3.4999999999999964
16,7.300065717415113,7.0
17,2.501851387997362,6.5
18,3.9182285932928638,3.500000000000006
19,2.602297968116561,8.0
20,6.0,9.5
21,2.550866939717777,9.5
22,5.0,9.0
23,3.150000000000003,8.5
24,5.0,8.0
25,5.250000000000003,7.5
26,5.0,7.0
27,6.0,6.5
28,6.599999999999998,6.0
29,5.450000000000002,5.5
30,3.9137969835455464,5.5
31,6.449999999999998,4.5
32,6.399999999999999,4.0
33,4.9499999999999975,3.5
34,4.700000000000001,3.0
35,6.249999999999999,2.5
36,3.8000000000000007,2.0
37,4.450000000000001,1.5
38,5.1,1.0
39,4.15,0.5
STOP
0,4.582171862719419,2.5
1,8.099999999999994,1.0
2,0.8405405405405428,1.0
3,2.040540540540545,1.0
4,3.269315776963766,0.5
5,2.1483523746564366,0.5
6,2.3964726593792007,1.5000000000000093
7,9.61871276707042,4.0
8,2.2461549900862785,2.5
9,8.804191310697327,2.5
10,9.663353190758588,4.0
11,4.667435158501453,4.0
12,7.902977515370424,3.0
13,8.552948263642817,4.5
14,2.4987612171119156,3.5000000000000053
15,3.750426142216268,1.9999999999999976
16,7.350073019350126,6.5
17,2.4528992881221656,6.0
18,3.8194147577401183,2.0000000000000067
19,2.503345763182688,7.5
20,6.0,9.0
21,2.4505574340080014,9.0
22,5.0,9.5
23,3.100000000000003,9.0
24,5.0,8.5
25,5.200000000000003,8.0
26,5.0,7.5
27,6.0,7.0
28,6.649999999999998,6.5
29,5.400000000000002,6.0
30,3.8165563802546556,6.0
31,6.499999999999998,5.0
32,6.449999999999998,4.5
33,4.799999999999997,4.0
34,4.650000000000001,3.5
35,6.299999999999999,3.0
36,3.750000000000001,2.5
37,4.600000000000001,2.0
38,5.1499999999999995,1.5
39,4.300000000000001,1.0
40,4.15,0.5
STOP
0,4.579984280848841,3.0
1,8.149999999999995,1.5
2,0.7400900900900924,1.5
3,1.9900900900900944,0.5
4,3.169415421844928,1.0
5,1.948357095645771,0.5
6,2.296457139645314,1.0000000000000098
7,9.264034575302817,5.5
8,2.195859220092915,2.0
9,8.954184008762313,2.0
10,9.25987251633308,5.5
11,4.415590421024985,2.5
12,7.952977515370423,2.5
13,8.702948263642817,4.0
14,2.4487607456932095,3.0000000000000053
15,3.700511370659522,0.4999999999999996
16,7.400080321285139,6.0
17,2.403947188246969,5.5
18,3.720600922187373,0.5000000000000068
19,2.404393558248815,7.0
20,6.0,8.5
21,2.350247928298226,8.5
22,5.0,9.5
23,3.0500000000000034,9.5
24,5.0,9.0
25,5.150000000000003,8.5
26,5.0,8.0
27,6.0,7.5
28,6.6999999999999975,7.0
29,5.350000000000002,6.5
30,3.719315776963765,6.5
31,6.549999999999998,5.5
32,6.499999999999998,5.0
33,4.812165938176113,5.0
34,4.350491833917068,4.5
35,6.349999999999999,3.5
36,3.700000000000001,3.0
37,4.750000000000002,2.5
38,5.199999999999999,2.0
39,4.450000000000001,1.5
40,4.300000000000001,1.0
41,6.0,0.5
STOP
0,4.482149827800217,4.0
1,8.199999999999996,2.0
2,0.639639639639642,2.0
3,1.6862195654741488,0.0
4,3.0695150667260904,1.5
5,1.695771767269811,1.9999999999999978
6,2.192159864920125,1.3100631690576847e-14
7,8.909356383535215,7.0
8,2.1455634500995515,1.5
9,9.1041767068273,1.5
10,8.856391841907573,7.0
11,4.719188474219673,1.5
12,8.002977515370423,2.0
13,8.852948263642817,3.5
14,2.3987602742745033,2.5000000000000053
15,3.6505965991027756,-0.5000000000000031
16,7.450087623220152,5.5
17,2.3549950883717727,5.0
18,3.5728880226386286,-0.49999999999998923
19,2.305441353314942,6.5
20,6.0,8.0
21,2.2499384225884502,8.0
22,5.0,9.990881458966566
23,2.9500000000000037,9.5
24,4.063543859186944,8.432748545698825
25,5.028001669747025,9.498662715486141
26,5.899533637260209,7.641259759669705
27,6.0,8.0
28,6.749999999999997,7.5
29,5.3000000000000025,7.0
30,3.622075173672874,7.0
31,6.599999999999998,6.0
32,6.549999999999998,5.5
33,4.818248907264171,5.5
34,4.200737750875601,5.0
35,6.399999999999999,4.0
36,3.6500000000000012,3.5
37,4.698082011047878,4.0
38,5.249999999999999,2.5
39,4.600000000000001,2.0
40,4.450000000000001,1.5
41,6.0,1.0
42,4.05,0.5
STOP
0,4.382127792881016,5.5
1,8.299999999999997,3.0
2,0.5391891891891916,2.5
3,1.5849293906021669,0.5
4,2.9696147116072527,2.0
5,1.5953505959903806,2.4999999999999964
6,2.087862590194936,1.3100631690576847e-14
7,8.554678191767612,8.5
8,2.095267680106188,1.0
9,9.254169404892286,1.0
10,8.452911167482066,8.5
11,5.019114613890163,0.5
12,8.102977515370425,1.0
13,9.002948263642818,3.0
14,2.348759802855797,2.0000000000000053
15,3.7012842371845838,1.4999999999998974
16,7.500094925155165,5.0
17,2.3060429884965763,4.5
18,3.474074187085883,1.000000000000079
19,2.2064891483810687,6.0
20,6.440630530304393,8.946279600833304
21,2.1496289168786746,7.5
22,4.827958435857718,10.508059915635556
23,2.900000000000004,9.0
24,3.589512548284231,8.657888579004396
25,5.016696748980942,8.551535361257141
26,6.578166641150968,6.493738636435161
27,6.04122805737127,8.399125765050947
28,6.799999999999997,8.0
29,5.250000000000003,7.5
30,3.5248345703819832,7.5
31,6.649999999999998,6.5
32,6.599999999999998,6.0
33,4.824331876352229,6.0
34,4.208138111123813,6.0
35,6.449999999999998,4.5
36,3.6000000000000014,4.0
37,4.356495757932734,6.0
38,5.547259376202743,3.5
39,4.903617755507618,3.0
40,4.848974691314115,3.5
41,6.0,1.5
42,4.050602409638555,1.499999999999991
43,4.0,0.5
STOP
0,4.333210566356704,6.0
1,8.349999999999998,3.5
2,0.43873873873874114,3.0
3,1.483639215730185,1.0
4,2.869714356488415,2.5
5,1.4949294247109504,2.999999999999995
6,2.0357139528323414,0.5000000000000114
7,8.097660904116209,9.5
8,2.0449719101128245,0.5
9,9.404162102957272,0.5
10,7.898288914514853,9.5
11,5.319040753560652,0.5
12,8.152977515370425,0.5
13,9.152948263642818,2.5
14,2.298759331437091,1.500000000000005
15,3.8018866468231383,2.999999999999802
16,7.550102227090178,4.5
17,2.25709088862138,4.0
18,3.4251751230898844,1.5000000000001121
19,2.1075369434471956,5.5
20,6.713101184028408,9.391013796118184
21,2.049319411168899,7.0
22,4.77061124781029,9.990881458966566
23,2.850000000000004,8.5
24,3.115481237381518,8.883028612309968
25,5.0110442885979,8.077971684142641
26,5.8223518800363365,5.665119460995103
27,5.903977779761436,8.434666938062271
28,6.849999999999997,8.5
29,5.200000000000003,8.0
30,3.4275939670910924,8.0
31,7.136297517200581,7.533671670629671
32,7.867827228440108,6.0720729736615
33,4.687610738157419,7.5
34,4.211838291247919,6.5
35,6.499999999999998,5.0
36,3.5500000000000016,4.5
37,4.06845092828974,7.5
38,5.695889064304115,4.0
39,5.055426633261426,3.5
40,4.897557598094268,4.0
41,6.0,2.0
42,4.101204819277109,2.999999999999981
43,4.0,1.0
44,5.85,0.5
STOP
0,4.284293339832392,6.5
1,8.399999999999999,4.0
2,0.3382882882882907,3.5
3,1.382349040858203,1.5
4,2.769814001369577,3.0
5,1.39450825343152,3.499999999999994
6,1.9349159349592937,1.5000000000000038
7,7.742982712348606,8.0
8,1.888216281188149,2.3869795029440866e-15
9,9.704147499087245,0.5
10,7.494808240089347,8.0
11,5.469003823395897,1.0
12,8.252977515370427,0.5
13,9.302948263642818,2.0
14,2.248758860018385,1.0000000000000049
15,3.9024890564616928,4.499999999999708
16,7.6001095290251905,4.0
17,2.2081387887461834,3.5
18,3.3762760590938856,2.000000000000145
19,2.0085847385133224,5.0
20,6.985571837752422,9.835747991403064
21,1.9490099054591237,6.5
22,4.713264059762863,9.473703002297576
23,3.1562971906664457,8.086193776484343
24,1.7661066665129193,8.75430746411142
25,3.565903259727212,8.475833377310131
26,5.372458063934888,5.546203729896326
27,6.638611659711658,8.764859906514069
28,6.899999999999997,9.0
29,5.146882627249463,8.748091097864851
30,3.3303533638002016,8.5
31,7.3794462758008725,8.050507505944507
32,8.501740842660162,6.10810946049225
33,5.019903392799888,7.062804003044134
34,4.215538471372025,7.0
35,6.549999999999998,5.5
36,3.5000000000000018,5.0
37,3.923210205929613,8.0
38,5.844518752405487,4.5
39,5.207235511015234,4.0
40,4.946140504874421,4.5
41,6.0,2.5
42,4.151807228915664,4.49999999999997
43,4.0,1.5
44,5.699999999999999,1.0
45,6.0,0.5
STOP
0,4.235376113308081,7.0
1,8.45,4.5
2,0.23783783783784027,4.0
3,1.2810588659862212,2.0
4,2.6699136462507393,3.5
5,1.2940870821520898,3.9999999999999925
6,1.8845169260227699,2.0
7,7.388304520581004,6.5
8,1.835964404879924,0.5
9,9.854140197152232,1.0
10,7.091327565663842,6.5
11,5.154970463403605,2.0
12,8.302977515370427,1.0
13,9.452948263642819,1.5
14,2.198758388599679,0.5000000000000047
15,3.7984192890198325,5.999999999999586
16,7.6501168309602035,3.5
17,2.159186688870987,3.0
18,3.327376995097887,2.5000000000001785
19,1.9096325335794493,4.5
20,7.814612493756943,10.328101508532617
21,1.8487003997493483,6.0
22,4.655916871715435,8.956524545628586
23,3.5854286145815126,9.486649360668505
24,1.09141938107862,8.689946890012147
25,2.810078197678952,9.816677468298902
26,4.922564247833439,5.427287998797548
27,7.355560553688075,9.079143790227846
28,7.124940136511898,9.972462328107108
29,4.951923682051278,8.951942352494921
30,2.713736108443833,8.496401443234102
31,7.622595034401164,8.567343341259344
32,9.135654456880216,6.1441459473230005
33,5.186049720121122,6.8442060045662005
34,4.2192386514961315,7.5
35,6.599999999999998,6.0
36,3.495930232558141,5.999999999999913
37,4.168254181467586,7.9140604496308775
38,5.993148440506859,5.0
39,5.359044388769043,4.5
40,4.994723411654574,5.0
41,6.0,3.0
42,4.251807228915664,5.500000000000043
43,4.0,2.0
44,5.985892779678197,2.0
45,6.0,1.0
46,5.9,0.5
STOP
0,4.186458886783769,7.5
1,8.5,5.0
2,0.13738738738738981,4.5
3,1.1797686911142393,2.5
4,2.5700132911319016,4.0
5,1.1936659108726595,4.499999999999991
6,1.834117917086246,2.499999999999996
7,7.033626328813401,5.0
8,1.7362018460896107,1.4999999999999951
9,9.854140197152232,2.0
10,6.687846891238336,5.0
11,4.997953783407459,2.5
12,8.352977515370428,1.5
13,9.60294826364282,1.0
14,2.0423603357457285,4.440892098500626e-15
15,3.6943495215779723,7.499999999999466
16,7.700124132895216,3.0
17,2.1102345889957905,2.5
18,3.278477931101888,3.0000000000002114
19,1.8106803286455762,4.0
20,8.090959379091784,9.835747991403064
21,1.748390894039573,5.5
22,4.889123482827899,7.55622340505443
23,3.4349740166810983,9.486649360668505
24,0.4167320956443207,8.625586315912873
25,2.0542531356306926,9.816677468298902
26,3.545735035586195,7.193099188112696
27,7.714035000676283,9.236285732084735
28,7.1802891748431135,9.507999996896833
29,4.85858781963975,9.355053764237208
30,2.4054274807656486,8.494602164851154
31,7.865743793001456,9.08417917657418
32,9.76956807110027,6.180182434153751
33,5.352196047442357,6.625608006088267
34,4.366005120406789,7.3681652749598285
35,6.649999999999998,6.5
36,3.4418604651162807,7.499999999999826
37,3.5063327260599735,9.242124782030226
38,6.141778128608231,5.5
39,5.510853266522851,5.0
40,5.268493426584536,4.954244315115281
41,6.0,3.5
42,4.104407886978355,5.897436876738384
43,4.0,2.5
44,6.128839169517296,2.5
45,6.0,1.5
46,5.800000000000001,1.0
47,4.1,0.5
STOP
0,4.036725100327112,8.999999999999996
1,8.55,5.5
2,0.03693693693693936,5.0
3,1.0784785162422574,3.0
4,2.470112936013064,4.5
5,1.0932447395932292,4.99999999999999
6,1.7360524782028923,3.499999999999988
7,6.678948137045799,3.5
8,1.686320566694454,1.9999999999999927
9,9.704147499087245,2.5
10,6.28436621681283,3.5
11,4.840937103411313,3.0
12,8.402977515370429,2.0
13,9.75294826364282,0.5
14,1.9902276514610782,0.5000000000000047
15,3.7272279612238948,9.69897536491787
16,7.750131434830229,2.5
17,2.0092753319898393,1.5
18,3.2295788671058894,3.5000000000002442
19,1.711728123711703,3.5
20,8.367306264426624,9.343394474273511
21,1.6480813883297976,5.0
22,5.108992549084755,7.1135073744188935
23,2.3345617320253966,9.932400648654497
24,0.4167320956443207,8.496865167714326
25,1.6763406046065628,9.146255422804517
26,2.905338592572434,7.972228127610529
27,8.073360760031987,9.632752709927903
28,7.235638213174329,9.043537665686559
29,4.8119198884339855,9.556609470108352
30,1.5997540332809845,8.217937304252414
31,8.824075671112789,9.644578865927611
32,9.76956807110027,6.252255407815251
33,5.518342374763591,6.407010007610334
34,4.439388354862118,7.302247912439743
35,6.6999999999999975,7.0
36,4.034883011108754,9.14589106428301
37,1.271359715505949,9.355259601134993
38,6.290407816709603,6.0
39,5.589188313779948,5.957468347019413
40,5.755893595889992,4.9488203701259454
41,6.0,4.0
42,4.0307082160097005,6.096155315107555
43,4.0,3.0
44,6.271785559356395,3.0
45,6.0,2.0
46,5.700000000000001,1.5
47,4.199999999999999,1.0
48,5.05,0.5
STOP
0,3.9496397648512334,9.148683903492497
1,8.600000000000001,6.0
2,0.03693693693693936,6.0
3,0.9771883413702755,3.5
4,2.370212580894226,5.0
5,0.9928235683137989,5.499999999999989
6,1.5395542510260394,4.500000000000029
7,6.8148409167239965,2.0
8,1.6364392872992974,2.4999999999999902
9,9.554154801022259,3.0
10,6.0819711821286395,2.5
11,4.683920423415167,3.5
12,8.45297751537043,2.5
13,9.90294826364282,1.0
14,1.9380949671764278,1.0000000000000049
15,3.8609229608021622,9.69897536491787
16,7.800138736765242,2.0
17,1.958795703486864,1.0
18,3.1806798031098906,4.000000000000277
19,1.6150688675172704,2.4999999999999503
20,9.087386367106761,8.06041998708586
21,1.5477718826200222,4.5
22,5.328861615341611,6.670791343783357
23,1.9677576371401628,9.486649360668505
24,1.09141938107862,8.432504593615052
25,0.6801494481886335,8.092240501558008
26,2.585140371065554,8.361792597359445
27,8.531741567864403,8.266909899852031
28,7.290987251505544,8.579075334476284
29,5.4874003220257155,9.73517589785541
30,1.1969173095386525,8.079604873953045
31,9.303241610168456,9.924778710604327
32,9.135654456880216,6.288291894646001
33,5.6279895921982614,7.38257529175313
34,4.512771589317446,7.236330549919657
35,6.749999999999997,7.5
36,4.742506758354363,10.265510458647096
37,1.1499155395439993,9.225787331589487
38,6.439037504810975,6.5
39,5.88612069938652,5.52786198168741
40,5.99959368054272,4.946108397631278
41,6.0,4.5
42,3.9570085450410457,6.294873753476725
43,4.0,3.5
44,5.971785559356395,4.0
45,6.0,2.5
46,5.600000000000001,2.0
47,4.299999999999999,1.5
48,5.1,1.0
49,5.95,0.5
STOP
0,3.9060970971132942,9.223025855238747
1,8.650000000000002,6.5
2,0.13738738738738981,6.5
3,0.8758981664982937,4.0
4,2.2703122257753883,5.5
5,0.8924023970343686,5.9999999999999885
6,1.3390773356217447,5.500000000000084
7,6.9577873065630955,1.5
8,1.5399093353757967,3.499999999999992
9,9.404162102957272,3.5
10,5.87957812993807,1.0
11,4.5269037434190205,4.0
12,8.50297751537043,3.0
13,9.75294826364282,1.5
14,1.836960680735217,2.0000000000000044
15,3.927770460591296,9.09948768245865
16,7.850146038700255,1.5
17,1.8543553054813597,8.881784197001252e-16
18,3.131780739113892,4.50000000000031
19,1.51543561300537,1.4999999999998948
20,9.376014806507136,7.599389546284
21,1.3514157514441585,3.499999999999985
22,5.548730681598467,6.22807531314782
23,1.600953542254929,9.040898072682513
24,2.3029480873953023,8.764889816574945
25,2.1871916615620686,8.396650827797737
26,2.2649421495586735,8.75135706710836
27,8.640351771832485,7.841967398074597
28,7.346336289836759,8.11461300326601
29,5.8251405388215804,9.824459111728938
30,0.6900946292726163,5.952275478278064
31,9.782407549224123,9.644578865927611
32,8.501740842660162,6.324328381476751
33,5.6828132009155965,7.870357933824528
34,4.586154823772775,7.170413187399571
35,6.799999999999997,8.0
36,4.829753252824603,9.653327839220356
37,1.0891934515630244,9.161051196816734
38,6.587667192912347,7.0
39,6.0345868921898065,5.313058799021409
40,6.486072462133347,5.952299303208973
41,6.000910917399887,4.499880772734867
42,3.883308874072391,6.493592191845896
43,4.0,4.0
44,5.821785559356394,4.5
45,5.80117664239847,3.5
46,5.599392786350762,3.0
47,4.399999999999999,2.0
48,5.1499999999999995,1.5
49,5.9,1.0
50,4.1,0.5
STOP
0,4.044716564275467,8.085192373743977
1,7.700189918636614,6.25608468681366
2,0.23783783783784027,7.0
3,0.7746079916263118,4.5
4,2.1704118706565505,6.0
5,0.11907548525718115,6.864950552510149
6,1.2388388779195973,6.000000000000112
7,7.1007336964021945,1.0
8,1.3414292429391677,4.499999999999989
9,9.254169404892286,4.0
10,5.735432563278911,0.5
11,4.369887063422874,4.5
12,8.552977515370431,3.5
13,9.60294826364282,2.0
14,1.7863935375146116,2.5000000000000044
15,3.815242039109871,9.303985828435417
16,7.900153340635268,1.0
17,1.7499149074758553,8.881784197001252e-16
18,3.082881675117893,5.000000000000343
19,1.46561898574942,0.999999999999867
20,9.664643245907511,7.13835910548214
21,1.252761838260043,2.4999999999999734
22,5.7685997478553235,5.7853592825122835
23,1.2341494473696952,8.59514678469652
24,4.153655557513276,9.196480197071176
25,4.416088999443146,8.916748613627147
26,1.944743928051793,9.140921536857276
27,8.748961975800567,7.417024896297162
28,7.401685328167974,7.6501506720557355
29,6.162880755617445,9.913742325602467
30,1.1256016714953958,4.331445707244451
31,9.303241610168456,9.364379021250896
32,8.236804809265525,7.58472268784699
33,5.7376368096329315,8.358140575895927
34,4.659538058228104,7.104495824879486
35,6.849999999999997,8.5
36,4.9169997472948435,9.041145219793616
37,1.0284713635820495,9.096315062043981
38,6.736296881013719,7.5
39,6.919082648537883,5.753090290558314
40,6.72931185292866,6.45539475599782
41,5.7011045559098115,4.499961705285921
42,3.809609203103736,6.692310630215067
43,4.0,4.5
44,5.271450733382689,5.1797537795723265
45,5.7017649635977055,4.0
46,5.599089179526143,3.5
47,4.499999999999998,2.5
48,5.199999999999999,2.0
49,5.69972406482866,2.0
50,4.199999999999999,1.0
51,5.85,0.5
STOP
0,4.1140262978565545,7.516275632996591
1,7.22528487795492,6.1341270302204896
2,-0.21754469234080565,9.223339481451275
3,2.5707162477833903,4.625072789516475
4,2.0705115155377127,6.5
5,-0.04246178737805596,8.386653835838603
6,1.13860042021745,6.500000000000139
7,7.243680086241294,0.5
8,1.3568355589004217,5.7796958436447525
9,9.1041767068273,4.5
10,5.491200484896428,2.0
11,4.3807783938272316,5.5
12,8.602977515370432,4.0
13,9.452948263642819,2.5
14,1.7358263942940062,3.0000000000000044
15,5.807401579239205,7.573774216787152
16,7.950160642570281,0.5
17,1.697694708473103,0.5000000000000004
18,3.0339826111218944,5.500000000000376
19,1.4158023584934698,0.49999999999983924
20,9.953271685307886,6.67732866468028
21,1.2034348816679852,1.9999999999999676
22,5.98846881411218,5.342643251876747
23,0.8673453524844614,8.149395496710529
24,4.166095910311266,9.820049861170093
25,6.660566796682593,8.814524331308741
26,1.6245457065449127,9.530486006606191
27,8.857572179768649,6.992082394519728
28,7.457034366499189,7.185688340845461
29,6.838361189209175,9.913742325602467
30,0.015271799858185942,3.452958213793373
31,8.824075671112789,9.08417917657418
32,8.104336792568207,8.21491984103211
33,6.879232380827605,9.893160994786923
34,4.732921292683432,7.0385784623594
35,8.51609160747438,8.70861180453722
36,4.889064867256556,9.14804738195732
37,0.9677492756010746,9.031578927271228
38,6.884926569115091,8.0
39,7.361330526711922,5.973106036326766
40,6.972551243723974,6.958490208786667
41,5.447392868815758,5.856246127726646
42,3.7359095321350813,6.8910290685842375
43,3.696857970412065,5.5
44,4.520805091951466,5.490976299402373
45,5.413555851390497,5.000218442359879
46,5.590500154222724,3.4930350680136497
47,4.599999999999998,3.0
48,4.9997240648286585,3.0
49,5.799724064828659,3.0
50,4.299999999999999,1.5
51,5.503816443837236,2.0
52,4.15,0.5
STOP
0,4.1833360314376415,6.9473588922492056
1,6.694698891533944,5.394026201006393
2,0.08374727350435396,9.894268916938875
3,3.13525658738331,4.622090077662039
4,1.970611160418875,7.0
5,-0.04246178737805596,8.932922389982048
6,1.0383619625153027,7.000000000000167
7,7.529572865919492,0.5
8,1.3645387168810488,6.419543765467134
9,8.954184008762313,5.0
10,5.246968406513945,3.5
11,3.660779286302798,6.547100564177313
12,8.652977515370432,4.5
13,9.302948263642818,3.0
14,1.6852592510734008,3.5000000000000044
15,5.636220360605488,7.240422419265075
16,8.050175246440306,0.5
17,1.5982617516055782,1.5000000000000022
18,2.9850835471258956,6.000000000000409
19,1.2594422079552081,-1.8984813721090177e-13
20,9.953271685307886,5.75526778307656
21,1.1541079250759274,1.4999999999999618
22,6.208337880369036,4.89992722124121
23,0.5005412575992276,7.703644208724536
24,4.1785362631092555,9.820049861170093
25,7.390277012347938,8.784463305104556
26,1.3043474850380323,9.920050476355106
27,8.966182383736731,6.5671398927422935
28,7.512383404830405,6.721226009635187
29,6.453239487819288,10.059178200290578
30,0.015271799858185942,2.574470720342295
31,9.45360813805033,9.64418420326962
32,7.971868775870887,8.845116994217229
33,8.664782366406248,10.297211551611284
34,4.806304527138761,6.972661099839314
35,8.6955917378958,7.1044179472048175
36,4.875097427237412,9.20149846303917
37,0.9070271876200997,8.966842792498475
38,7.033556257216463,8.5
39,7.811357675574226,6.927366153565164
40,7.215790634519287,7.461585661575515
41,5.39581593539307,6.286570655395073
42,3.6622098611664264,7.089747506953408
43,3.5452869556180975,6.0
44,4.467637754143716,5.757251423703211
45,5.3188241388703945,5.502422179568109
46,5.586205641571015,3.4895526020204746
47,4.3786569103459545,4.0
48,5.178656910345957,4.0
49,5.522011454857985,4.0
50,4.399999999999999,2.0
51,5.429920277703799,4.0
52,4.300000000000001,1.0
53,6.05,0.5
STOP
0,4.252645765018729,6.37844215150182
1,6.4294058983234565,5.023975786399345
2,0.6863312051946732,9.894268916938875
3,3.69979692698323,4.6191073658076025
4,1.8707108053000372,7.5
5,-0.04246178737805596,9.479190944125493
6,0.9381235048131554,7.5000000000001945
7,7.672519255758591,1.0
8,1.3722418748616758,7.059391687289516
9,8.804191310697327,5.5
10,5.376343002253638,5.494403912902159
11,3.3007797325405814,7.07065084626597
12,8.702977515370433,5.0
13,9.152948263642818,3.5
14,1.6346921078527954,4.000000000000004
15,5.465039141971772,6.907070621742998
16,8.100182548375319,1.0
17,1.499624413818796,2.500000000000004
18,2.936184483129897,6.500000000000441
19,1.2073221577757876,0.49999999999983924
20,9.664643245907511,5.2942373422747
21,1.0546915436061,0.49999999999995026
22,6.428206946625892,4.4572111906056735
23,0.13373716271399383,7.257892920738543
24,4.18475643950825,9.508265029120635
25,9.124171005655276,9.470717032007876
26,0.6639510420242714,9.920050476355106
27,9.074792587704813,6.142197390964859
28,8.700484758715302,6.535161480579001
29,6.324865587355992,9.913742325602467
30,0.5704367356767909,2.135226973616756
31,9.663452293696176,9.08417917657418
32,8.212967234561905,8.368462124099096
33,9.259965694932463,9.893160994786925
34,4.87968776159409,6.906743737319228
35,8.78534180310651,6.302321018538616
36,4.861129987218268,9.254949544121022
37,0.8463050996391248,8.902106657725723
38,7.5205938468379125,9.651336688570382
39,7.118684378897551,7.093744311174691
40,7.4590300253146005,7.964681114364362
41,5.344239001970383,6.7168951830634995
42,3.5885101901977716,7.288465945322579
43,3.39371594082413,6.5
44,4.441054085239841,5.8903889858536305
45,5.224092426350292,6.004625916776339
46,5.461640311521707,3.486159361130095
47,4.267985365518933,4.5
48,5.372932754845615,5.498286655799675
49,5.294298844887311,5.5
50,4.499999999999998,2.5
51,5.4022076677331246,5.5
52,4.450000000000001,1.5
53,6.1,1.0
54,4.1,0.5
STOP
0,4.13441971795812,4.620058069063761
1,6.164112905112969,4.653925371792297
2,0.4499854456849363,9.518842485040755
3,4.26433726658315,4.616124653953166
4,1.7708104501811994,8.0
5,-0.04246178737805596,10.025459498268939
6,0.8378850471110082,8.000000000000222
7,7.778000864799445,2.0
8,1.3799450328423029,7.699239609111897
9,9.814915954188539,5.121270885945057
10,5.695114971695919,7.809059075037749
11,2.695728499869593,8.00109890104845
12,8.752977515370434,5.5
13,9.002948263642818,4.0
14,1.58412496463219,4.500000000000004
15,5.90722899830577,7.475486262495611
16,8.391542333224347,2.0
17,1.4503057449254049,3.000000000000005
18,2.6289472760172563,7.50000000000071
19,1.107807333064752,1.4999999999998939
20,9.376014806507136,4.83320690147284
21,0.8981837282016618,-5.3734794391857577e-14
22,6.648076012882748,4.014495159970137
23,0.13373716271399383,6.3663903447665575
24,4.190976615907245,9.196480197071176
25,10.170569318368281,6.127073189201693
26,0.12330332530430943,8.61130919527597
27,9.573261161613932,5.136726432973716
28,9.29453543565775,6.442129216050908
29,6.1964916868926965,9.768306450914356
30,1.1256016714953958,1.695983226891217
31,10.492993323628262,7.510241245934061
32,8.333516463907413,8.13013468904003
33,10.504963609918539,6.9644539587460805
34,4.441165028644006,7.702993963689297
35,7.309772287980375,5.506985005643845
36,4.847162547199124,9.308400625202873
37,1.5114752516718473,7.510613192715054
38,8.007631436459363,9.651336688570382
39,6.772347730559213,7.176933389979455
40,7.702269416109914,8.467776567153209
41,4.381679782124978,6.654275973759813
42,3.488458362527626,8.459367955241968
43,2.5414838116765397,8.265753133888449
44,3.541279209245312,5.540761691847982
45,5.487427847162975,7.565972514873102
46,5.399357646497053,3.484462740684905
47,4.157313820691911,5.0
48,4.885098091715492,6.71369180113877
49,5.812832384620155,7.957362756650378
50,4.599999999999998,3.0
51,5.463351362747788,6.0
52,4.600000000000001,2.0
53,6.1499999999999995,1.5
54,4.199999999999999,1.0
55,4.95,0.5
STOP
0,5.197838551878653,3.487544548349151
1,5.898819911902481,4.283874957185248
2,0.3318125659300679,9.331129269091695
3,4.690795505194662,5.463188981464779
4,1.8262987677796638,9.196438017781627
5,-0.05461960095718274,9.752325221197216
6,0.5288934130916297,9.49907870030733
7,7.830741669319872,2.5
8,0.8491780184500173,9.82042103269552
9,10.309186959192875,3.4195088107951506
10,6.714785325479861,9.59978587859717
11,2.106654164131712,8.941465737691448
12,8.802977515370435,6.0
13,8.852948263642817,4.5
14,1.5335578214115846,5.000000000000004
15,6.2123944155086805,8.665303682671851
16,8.537222225648861,2.5
17,1.4009870760320138,3.5000000000000058
18,2.475328672460936,8.000000000000844
19,0.8527471526609629,0.7868550659839014
20,9.087386367106761,4.37217646067098
21,0.8460144564001825,0.49999999999995026
22,6.867945079139604,3.5717791293346006
23,0.5005412575992276,5.920639056780565
24,4.19719679230624,8.884695365021718
25,9.826027302027315,5.271568070987994
26,0.12330332530430943,8.145147589763132
27,10.550036230258057,4.0003386480569
28,9.888586112600198,6.3490969515228155
29,6.068117786429401,9.622870576226244
30,2.3989281733495633,2.612707490642583
31,10.492993323628262,6.832235961932042
32,8.454065693252922,7.891807253980964
33,10.504963609918539,5.799040310475226
34,4.1840501117339,8.142776081076347
35,6.602112008738075,5.4688758756798865
36,4.83319510717998,9.361851706284725
37,1.8440603276882084,6.8148664602097195
38,8.251150231270088,9.07566834428519
39,6.426011082220875,7.2601224687842185
40,7.945508806905227,8.970872019942055
41,4.343208858519994,6.787317301768798
42,3.4881230172348667,8.955180316189264
43,1.7252925152435636,9.522252432186457
44,3.1078828839684705,5.390035907199787
45,5.546382397271886,8.064436991245865
46,5.3370749814724,3.4827661202397153
47,3.7632686260063606,5.668579293846163
48,4.6811370042729905,6.793499697894348
49,6.4758999237032295,9.506185967523717
50,4.6999999999999975,3.5
51,5.524495057762451,6.5
52,4.750000000000002,2.5
53,6.199999999999999,2.0
54,4.299999999999999,1.5
55,4.9,1.0
56,4.15,0.5
STOP
0,5.056733930960463,2.3963688352174404
1,5.633526918691993,3.9138245425782
2,1.1903551296697714,9.856822407459003
3,4.9339666214467135,5.647376677120668
4,0.8968329131252357,10.612512893708375
5,-0.5840524137506866,9.345875749650636
6,0.28783314247571734,9.87516789453858
7,7.883482473840299,3.0
8,0.2693493046126415,10.271215687755078
9,10.309186959192875,2.4008341146836036
10,7.17860418811046,10.557689827632968
11,1.617935815452729,9.556743313321139
12,8.852977515370435,6.5
13,9.120447862805856,5.190580130699718
14,1.4829906781909792,5.500000000000004
15,6.3196246906220965,9.015582072286378
16,8.682902118073375,3.0
17,1.3516684071386227,4.000000000000007
18,2.3217100689046157,8.500000000000979
19,0.6371347419665636,1.754432407948772
20,7.88942680172144,3.788543561114443
21,0.6278695008248228,0.12462381459325489
22,7.08781414539646,3.1290630986990644
23,0.8673453524844614,5.474887768794572
24,4.203416968705235,8.57291053297226
25,9.481485285686349,4.416062952774296
26,0.43015221928586334,7.912066787006713
27,10.550036230258057,3.587544564356816
28,9.888586112600198,6.16303242246663
29,5.939743885966105,9.477434701538133
30,3.035591424276647,3.071069622518266
31,10.492993323628262,6.154230677930023
32,8.57461492259843,7.653479818921898
33,10.504963609918539,4.633626662204371
34,3.9269351948237947,8.582558198463397
35,5.894451729495775,5.430766745715928
36,4.8192276671608365,9.415302787366576
37,2.1766454037045695,6.119119727704385
38,9.390258760755533,8.147909457221015
39,6.079674433882538,7.343311547588982
40,7.761178977946113,9.747060474544975
41,3.9297107543258276,7.047242660369081
42,3.4877876719421073,9.45099267713656
43,2.0010698066784176,10.650750594896538
44,2.674486558691629,5.239310122551593
45,5.605336947380797,8.562901467618627
46,6.458568397807978,3.436609630125648
47,3.49547523428463,5.989323925241644
48,4.602292058439202,6.959135959991688
49,7.719803965704949,10.338282965166094
50,4.799999999999997,4.0
51,5.585638752777114,7.0
52,4.900000000000002,3.0
53,6.249999999999999,2.5
54,4.399999999999999,2.0
55,4.8500000000000005,1.5
56,4.300000000000001,1.0
57,5.85,0.5
STOP
0,4.986181620501368,1.850780978651585
1,5.368233925481506,3.543774127971152
2,1.798979770177483,9.856822407459003
3,5.177137737698765,5.831564372776557
4,0.5949289770248913,9.976600237624755
5,-0.5840524137506866,9.07490943528625
6,0.5276812169758213,9.060479935662924
7,7.9362232783607265,3.5
8,-0.1680863512289907,10.271215687755078
9,10.309186959192875,1.3821594185720567
10,7.401092579166936,10.557689827632968
11,1.3735766411132375,9.864382101135984
12,8.902977515370436,7.0
13,9.254197662387375,5.5358701960495775
14,1.4324235349703738,6.000000000000004
15,6.4268549657355125,9.365860461900905
16,8.82858201049789,3.5
17,1.3023497382452316,4.500000000000008
18,2.1680914653482954,9.000000000001114
19,0.529328536619364,2.2382210789312076
20,7.290447019028779,3.496727111336175
21,0.5551545156330363,0.49999999999995026
22,7.307683211653316,2.686347068063528
23,1.2341494473696952,5.029136480808579
24,3.642812764155104,7.969336914627816
25,9.136943269345382,3.5605578345605977
26,0.7370011132674172,7.6789859842502945
27,10.550036230258057,3.1747504806567317
28,9.29453543565775,6.070000157938537
29,5.811369985502809,9.331998826850022
30,3.672254675203731,3.529431754393949
31,10.492993323628262,5.476225393928004
32,8.695164151943938,7.415152383862832
33,10.504963609918539,3.468213013933516
34,3.996494503801981,9.441751461625126
35,5.186791450253475,5.39265761575197
36,4.805260227141693,9.468753868448427
37,2.5092304797209306,5.423372995199051
38,9.959813025498255,7.684030013688927
39,5.7333377855442,7.426500626393746
40,7.576849148986998,9.747060474544975
41,3.7229617022287442,7.177205339669222
42,3.487452326649348,9.946805038083856
43,2.2094879126751685,10.650750594896538
44,2.2410902334147873,5.088584337903398
45,5.6642914974897085,9.061365943991389
46,7.0193151059757675,3.413531385068614
47,3.227681842562899,6.310068556637125
48,4.562869585522308,7.041954091040358
49,8.035150292103221,9.896397466585727
50,4.899999999999997,4.5
51,5.646782447791777,7.5
52,5.0500000000000025,3.5
53,6.299999999999999,3.0
54,4.499999999999998,2.5
55,4.800000000000001,2.0
56,4.450000000000001,1.5
57,5.699999999999999,1.0
58,4.05,0.5
STOP
0,3.1452824956656817,2.4690825270960217
1,4.959835791740275,4.351020411317806
2,1.2858592471934025,9.477031831284847
3,5.67225473272926,5.800994535266477
4,0.293025040924547,9.340687581541134
5,-0.5840524137506866,8.803943120921863
6,0.6476052542258732,8.653135956225096
7,7.988964082881154,4.0
8,0.2693493046126415,10.271215687755078
9,10.309186959192875,0.36348472246050956
10,7.623580970223412,10.557689827632968
11,2.302965752611042,10.162173180078549
12,9.647520945368955,6.712384338259099
13,9.387947461968894,5.881160261399437
14,1.3818563917497684,6.500000000000004
15,6.5340852408489285,9.716138851515431
16,7.633016311318623,4.207988650058482
17,1.2530310693518405,5.000000000000009
18,2.014472861791975,9.500000000001249
19,0.4215223312721643,2.722009749913643
20,8.45825124486712,3.6390192221264206
21,0.48243953044124976,0.8753761854066456
22,7.527552277910172,2.243631037427992
23,1.600953542254929,4.583385192822586
24,3.362510661880038,7.667550105455595
25,9.874270311458032,2.1296747652282617
26,1.0438500072489711,7.445905181493876
27,9.698936137090095,1.7738214361017706
28,8.700484758715302,5.976967893410444
29,6.381389424729974,9.772401175716515
30,4.308917926130815,3.987793886269632
31,10.492993323628262,4.798220109925985
32,8.342130398625148,8.125405805293575
33,10.905956041188995,3.330386551809257
34,4.031274158291073,9.87134809320599
35,3.7625365881056396,5.722638134260855
36,4.791292787122549,9.522204949530279
37,3.1066135205221026,3.947243388229852
38,9.959813025498255,6.7562711266247515
39,5.102119189614963,7.540693879786086
40,8.303081208805304,8.99409172167635
41,3.516212650131661,7.307168018969364
42,3.486781636063829,9.946805038083856
43,2.4179060186719195,10.650750594896538
44,1.440147919486039,4.869350735081009
45,5.167524025518523,8.927254626984093
46,6.977887129507803,2.7967595635280253
47,2.9598884508411683,6.630813188032606
48,4.523447112605414,7.124772222089028
49,8.011886694816292,8.17313750611006
50,4.9999999999999964,5.0
51,5.706088312210374,8.55348142357662
52,4.2747742777622,4.352099149102671
53,5.29088064380176,2.1828302639338855
54,4.599999999999998,3.0
55,5.70383270450086,2.1954579976273703
56,4.901965976008718,1.407353297524844
57,5.549999999999999,1.5
58,4.1,1.0
59,3.95,0.5
STOP
